Alman
011073054
10 20 28 37
10 18 30 35
10 15 18 34
3.8
Salman
011073055
10 20 28 37
10 18 30 35
10 18 20 32
3.6
Akram
011073056
10 20 30 40
10 20 30 40
10 20 30 40
4.0
Wafi
011073067
7 13 23 32
9 15 26 29
8 18 29 31
2.4
Taha
011073063
7 16 22 33
5 13 27 35
9 18 30 39
2.8
Ukhiyong
011073116
9 15 25 36
7 17 27 37
10 20 30 40
3.7
Turjo
011073363
7 18 22 36
5 15 27 39
9 20 30 38
3.4
Arko
011073080
10 15 24 37
10 17 28 33
10 12 22 39
3.0
Ador
011073043
7 20 30 27
6 19 29 37
5 18 17 33
3.2
Rudro
011273743
7 16 24 31
6 13 27 36
5 15 25 30
3.5